1399	2209	2.71860063881022
2209	1399	2.71860063881022
1057	1956	2.71862908728618
1956	1057	2.71862908728618
1270	1552	2.71862978684676
1552	1270	2.71862978684676
1663	2174	2.71862978684676
2174	1663	2.71862978684676
1162	2516	2.71869504036729
2516	1162	2.71869504036729
2119	405	2.71904853970988
405	2119	2.71904853970988
2076	611	2.71923257211894
611	2076	2.71923257211894
632	978	2.71929449089334
978	632	2.71929449089334
2180	279	2.71958188019099
279	2180	2.71958188019099
361	362	2.71987700196945
362	361	2.71987700196945
978	979	2.71987700196945
979	978	2.71987700196945
2673	319	2.71989708695197
319	2673	2.71989708695197
19	1966	2.71993026193257
1966	19	2.71993026193257
1664	2907	2.72018798064741
2907	1664	2.72018798064741
1200	877	2.72026083580583
877	1200	2.72026083580583
1736	82	2.72035669708331
82	1736	2.72035669708331
1164	125	2.72051934126456
125	1164	2.72051934126456
2657	2784	2.72070934894533
2784	2657	2.72070934894533
453	514	2.7207889198217
514	453	2.7207889198217
1151	819	2.72087220724431
819	1151	2.72087220724431
1946	825	2.72090141014843
825	1946	2.72090141014843
2357	36	2.7209564549431
36	2357	2.7209564549431
2800	542	2.72106199646705
542	2800	2.72106199646705
1277	2754	2.72115713685516
2754	1277	2.72115713685516
2628	779	2.72117936378699
779	2628	2.72117936378699
19	2542	2.72169794415086
2542	19	2.72169794415086
1818	310	2.72207478451858
310	1818	2.72207478451858
151	1818	2.72214041212584
1576	821	2.72214041212584
1818	151	2.72214041212584
2044	857	2.72214041212584
821	1576	2.72214041212584
857	2044	2.72214041212584
2376	311	2.72214163201737
311	2376	2.72214163201737
1952	2800	2.72221895130925
2236	2800	2.72221895130925
2800	1952	2.72221895130925
2800	2236	2.72221895130925
1733	2277	2.72251913372337
2277	1733	2.72251913372337
2290	631	2.72253694222528
631	2290	2.72253694222528
521	880	2.72257771587806
880	521	2.72257771587806
1614	2771	2.72259826452003
2771	1614	2.72259826452003
1811	273	2.72264002974023
273	1811	2.72264002974023
1164	1427	2.72273271526761
1427	1164	2.72273271526761
1701	424	2.72284432213807
424	1701	2.72284432213807
2011	2029	2.72301238562461
2029	2011	2.72301238562461
125	1886	2.72330636872369
1886	125	2.72330636872369
1476	979	2.72334742778299
979	1476	2.72334742778299
909	92	2.72364460154549
92	909	2.72364460154549
2412	655	2.72368161314595
655	2412	2.72368161314595
1425	2612	2.72369319208857
2612	1425	2.72369319208857
1622	695	2.72391204177147
695	1622	2.72391204177147
1806	931	2.72394992560915
931	1806	2.72394992560915
1062	1763	2.72437907965598
1763	1062	2.72437907965598
2063	716	2.72439155655388
716	2063	2.72439155655388
2606	506	2.72452611576956
506	2606	2.72452611576956
2044	2698	2.72467014162192
2698	2044	2.72467014162192
2086	897	2.72478783078516
897	2086	2.72478783078516
1939	420	2.724943562708
420	1939	2.724943562708
1151	573	2.72494859566358
573	1151	2.72494859566358
373	873	2.72495077007417
873	373	2.72495077007417
1393	1515	2.72553924375364
1515	1393	2.72553924375364
2133	2297	2.72570031408411
2297	2133	2.72570031408411
1639	1682	2.72577746363831
1682	1639	2.72577746363831
1330	737	2.72588370430759
737	1330	2.72588370430759
1610	2400	2.72588650291499
2400	1610	2.72588650291499
1297	335	2.72589422701856
335	1297	2.72589422701856
1032	2252	2.72598913733576
2252	1032	2.72598913733576
1610	2096	2.7259955757089
2096	1610	2.7259955757089
2287	2598	2.72617254404901
2598	2287	2.72617254404901
2225	2340	2.72631906232713
2340	2225	2.72631906232713
1560	880	2.7269683496219
880	1560	2.7269683496219
2283	300	2.72756018402513
300	2283	2.72756018402513
1473	2196	2.72768258271525
2196	1473	2.72768258271525
1408	169	2.72820763274663
169	1408	2.72820763274663
2036	2755	2.72827287179038
2755	2036	2.72827287179038
1952	2477	2.72842099113933
2477	1952	2.72842099113933
2064	2481	2.72862045559965
2481	2064	2.72862045559965
1966	2259	2.72862626719386
2259	1966	2.72862626719386
1043	1817	2.72918163773157
1817	1043	2.72918163773157
2127	377	2.72921104193944
377	2127	2.72921104193944
2252	752	2.72925714545325
752	2252	2.72925714545325
1619	2814	2.72941640472975
2814	1619	2.72941640472975
2477	405	2.72944584598636
405	2477	2.72944584598636
2529	88	2.72949519921977
88	2529	2.72949519921977
1382	2811	2.72973532922125
2811	1382	2.72973532922125
2225	2529	2.72977450791564
2529	2225	2.72977450791564
125	931	2.72996854479848
931	125	2.72996854479848
1935	2602	2.72997309496509
2602	1935	2.72997309496509
1531	2334	2.73020053096147
2334	1531	2.73020053096147
1716	2471	2.7302633690893
2471	1716	2.7302633690893
880	907	2.73035662896379
907	880	2.73035662896379
2116	44	2.73041303083424
2116	45	2.73041303083424
44	2116	2.73041303083424
45	2116	2.73041303083424
2302	437	2.7304477034274
437	2302	2.7304477034274
1875	415	2.73081472437299
415	1875	2.73081472437299
415	652	2.73081472437299
652	415	2.73081472437299
1425	2408	2.73084096452404
2408	1425	2.73084096452404
1434	2919	2.73123046166235
1897	2919	2.73123046166235
2919	1434	2.73123046166235
2919	1897	2.73123046166235
1912	93	2.73130499054922
93	1912	2.73130499054922
216	2458	2.73136643871382
2458	216	2.73136643871382
1082	2669	2.73139405999607
2669	1082	2.73139405999607
194	2612	2.73143143506914
2612	194	2.73143143506914
1142	472	2.73155230896023
472	1142	2.73155230896023
169	909	2.73239506874585
909	169	2.73239506874585
289	2893	2.73247369745939
2893	289	2.73247369745939
2893	342	2.73247369745939
342	2893	2.73247369745939
2880	708	2.73263482178348
708	2880	2.73263482178348
1482	160	2.73280428401572
160	1482	2.73280428401572
1080	1245	2.73295711631638
1245	1080	2.73295711631638
757	779	2.73327390086827
779	757	2.73327390086827
1670	883	2.73334092021317
883	1670	2.73334092021317
2652	6	2.7333727624033
6	2652	2.7333727624033
301	683	2.73337490308075
683	301	2.73337490308075
1384	607	2.73355917595509
607	1384	2.73355917595509
1848	2086	2.73360329831792
2086	1848	2.73360329831792
1794	2209	2.7336045582071
2088	2284	2.7336045582071
2209	1794	2.7336045582071
2284	2088	2.7336045582071
1031	1630	2.73375760668859
1630	1031	2.73375760668859
1000	2083	2.73399216394115
2083	1000	2.73399216394115
145	2011	2.73419103330595
2011	145	2.73419103330595
1047	1515	2.73439550304193
1515	1047	2.73439550304193
2924	897	2.73471670551064
897	2924	2.73471670551064
1904	2696	2.7350182667641
2696	1904	2.7350182667641
1716	19	2.73537445944539
19	1716	2.73537445944539
1068	2011	2.7354037646206
2011	1068	2.7354037646206
1618	765	2.73541347381533
765	1618	2.73541347381533
2225	818	2.73571594336313
2468	818	2.73571594336313
818	2225	2.73571594336313
818	2468	2.73571594336313
2300	585	2.73573654213057
585	2300	2.73573654213057
1372	1871	2.73578135338624
1871	1372	2.73578135338624
19	931	2.73616423327685
931	19	2.73616423327685
2119	2706	2.73617273961372
2706	2119	2.73617273961372
2036	2742	2.73621340620076
2742	2036	2.73621340620076
1736	1975	2.73628457936817
1975	1736	2.73628457936817
1504	2538	2.73664442323855
2538	1504	2.73664442323855
2765	355	2.73689234732885
355	2765	2.73689234732885
625	949	2.73730038795096
949	625	2.73730038795096
1883	827	2.73734351113135
827	1883	2.73734351113135
1076	930	2.73735440907117
1866	930	2.73735440907117
930	1076	2.73735440907117
930	1866	2.73735440907117
1454	1819	2.73739991064293
1819	1454	2.73739991064293
485	877	2.73751965028853
877	485	2.73751965028853
2058	771	2.73757207400531
771	2058	2.73757207400531
102	397	2.7377773213232
1028	291	2.7377773213232
1270	1728	2.7377773213232
1728	1270	2.7377773213232
291	1028	2.7377773213232
397	102	2.7377773213232
2120	24	2.73787768572596
24	2120	2.73787768572596
220	2412	2.73803667245706
2412	220	2.73803667245706
1754	2873	2.73805477700924
2873	1754	2.73805477700924
1655	645	2.73849236030569
645	1655	2.73849236030569
2227	57	2.73901718270876
57	2227	2.73901718270876
1124	2009	2.73903263767464
2009	1124	2.73903263767464
270	56	2.73915941978571
388	406	2.73915941978571
406	388	2.73915941978571
56	270	2.73915941978571
1571	472	2.73921199484352
472	1571	2.73921199484352
1047	2105	2.73924367813422
2105	1047	2.73924367813422
1713	461	2.73925010511433
461	1713	2.73925010511433
1372	1639	2.73933231456898
1639	1372	2.73933231456898
1569	1576	2.73940783148878
1569	54	2.73940783148878
1576	1569	2.73940783148878
2196	2378	2.73940783148878
2378	2196	2.73940783148878
2731	2881	2.73940783148878
2881	2731	2.73940783148878
54	1569	2.73940783148878
1051	125	2.74011966773814
125	1051	2.74011966773814
1522	1716	2.74042367452699
1716	1522	2.74042367452699
1727	2400	2.74043494791771
2400	1727	2.74043494791771
1179	611	2.74088805133602
611	1179	2.74088805133602
1116	2340	2.74093716000792
2340	1116	2.74093716000792
1411	1604	2.74144791368271
1604	1411	2.74144791368271
2449	915	2.74149272344949
915	2449	2.74149272344949
1422	2392	2.7414941557948
2392	1422	2.7414941557948
2072	325	2.74182059000305
325	2072	2.74182059000305
319	808	2.74199095003389
808	319	2.74199095003389
1621	2130	2.74251697338635
2130	1621	2.74251697338635
19	629	2.74269307531796
629	19	2.74269307531796
2105	2225	2.74288946230187
2225	2105	2.74288946230187
1165	2602	2.74290435016211
2602	1165	2.74290435016211
607	947	2.74329896680123
947	607	2.74329896680123
1739	880	2.74373584029066
880	1739	2.74373584029066
1023	2182	2.74395863881766
2182	1023	2.74395863881766
1475	1751	2.7440308202637
1751	1475	2.7440308202637
164	346	2.74422413141837
346	164	2.74422413141837
1155	1340	2.74422536835905
1340	1155	2.74422536835905
2236	2919	2.74441188113739
2919	2236	2.74441188113739
2827	818	2.7444565425597
818	2827	2.7444565425597
1165	2324	2.74472333647572
2324	1165	2.74472333647572
405	65	2.74493524672508
65	405	2.74493524672508
2799	611	2.74535248280502
611	2799	2.74535248280502
2677	2695	2.74563406565267
2695	2677	2.74563406565267
1464	1711	2.74576789295106
1711	1464	2.74576789295106
101	624	2.745793487402
624	101	2.745793487402
146	58	2.74579440273765
1801	2472	2.74579440273765
2472	1801	2.74579440273765
58	146	2.74579440273765
1849	463	2.74579737647844
463	1849	2.74579737647844
2894	485	2.74581013347246
485	2894	2.74581013347246
1202	1876	2.74587509992762
1876	1202	2.74587509992762
1711	1925	2.74588538135161
1925	1711	2.74588538135161
2331	704	2.74588952722596
704	2331	2.74588952722596
2839	374	2.74615278362942
374	2839	2.74615278362942
2531	702	2.74624986779243
702	2531	2.74624986779243
2208	824	2.74646341296389
824	2208	2.74646341296389
1114	2765	2.74650995297129
2765	1114	2.74650995297129
2471	625	2.74668568795968
625	2471	2.74668568795968
2689	835	2.74669187758967
835	2689	2.74669187758967
2827	45	2.74690300725261
45	2827	2.74690300725261
1794	2208	2.74701755216462
2208	1794	2.74701755216462
1078	1164	2.74706533168283
1164	1078	2.74706533168283
2925	415	2.74715550105971
415	2925	2.74715550105971
1886	2259	2.74751336026881
2259	1886	2.74751336026881
2259	2718	2.74751336026881
2259	2737	2.74751336026881
2259	907	2.74751336026881
2718	2259	2.74751336026881
2737	2259	2.74751336026881
907	2259	2.74751336026881
23	2893	2.7475649094849
2893	23	2.7475649094849
1065	145	2.74782329061336
145	1065	2.74782329061336
1897	2080	2.74782626131818
2080	1897	2.74782626131818
1998	726	2.7479207255757
2870	708	2.7479207255757
708	2870	2.7479207255757
726	1998	2.7479207255757
1515	1713	2.74801155504898
1713	1515	2.74801155504898
325	470	2.74812228323724
470	325	2.74812228323724
200	2657	2.74883243413606
2657	200	2.74883243413606
2166	45	2.74896134046241
45	2166	2.74896134046241
319	355	2.74906575456631
355	319	2.74906575456631
1778	985	2.74928032532638
985	1778	2.74928032532638
146	493	2.74933297190163
493	146	2.74933297190163
1434	355	2.74938659509879
355	1434	2.74938659509879
2327	2513	2.74984517473055
2513	2327	2.74984517473055
2766	649	2.75002721114635
649	2766	2.75002721114635
2346	563	2.75028573149909
563	2346	2.75028573149909
2240	2540	2.75036256826844
2540	2240	2.75036256826844
19	2529	2.7507941881578
2529	19	2.7507941881578
1855	2331	2.75098456965423
2331	1855	2.75098456965423
1408	869	2.75105950599278
869	1408	2.75105950599278
1222	2128	2.75124575478386
2128	1222	2.75124575478386
608	931	2.75125099134062
931	608	2.75125099134062
1427	2602	2.75139226461076
2602	1427	2.75139226461076
2086	2422	2.75155081033912
2422	2086	2.75155081033912
2088	949	2.75155358125702
949	2088	2.75155358125702
1972	1977	2.75162429267701
1977	1972	2.75162429267701
1378	1562	2.75175801033684
1562	1378	2.75175801033684
2128	612	2.75203796154196
612	2128	2.75203796154196
2039	2251	2.75211776600134
2251	2039	2.75211776600134
466	864	2.75216715829636
864	466	2.75216715829636
1268	2315	2.75235444576025
2315	1268	2.75235444576025
1427	2390	2.7525185065873
1610	2390	2.7525185065873
2390	1427	2.7525185065873
2390	1610	2.7525185065873
2174	340	2.75253218420073
340	2174	2.75253218420073
193	512	2.75258655369147
512	193	2.75258655369147
1610	2773	2.75265766826783
2773	1610	2.75265766826783
1988	2399	2.75268359535686
1988	289	2.75268359535686
2399	1988	2.75268359535686
289	1988	2.75268359535686
1639	542	2.75276771599788
542	1639	2.75276771599788
177	90	2.75290730531382
1885	441	2.75290730531382
441	1885	2.75290730531382
90	177	2.75290730531382
1272	1571	2.75311520427449
1571	1272	2.75311520427449
1571	2500	2.75311520427449
1907	840	2.75311520427449
2500	1571	2.75311520427449
840	1907	2.75311520427449
840	876	2.75311520427449
876	840	2.75311520427449
1435	2529	2.75332944848866
2529	1435	2.75332944848866
2162	2889	2.75335952633841
2889	2162	2.75335952633841
1023	1142	2.75368616552233
1142	1023	2.75368616552233
1727	2318	2.75381673808953
2318	1727	2.75381673808953
2688	551	2.75384215701267
551	2688	2.75384215701267
1489	2011	2.7539317847214
2011	1489	2.7539317847214
1951	2390	2.75419940930923
2390	1951	2.75419940930923
1372	1607	2.75433049899585
1607	1372	2.75433049899585
1951	2428	2.7544072836888
2428	1951	2.7544072836888
588	756	2.75457954869682
756	588	2.75457954869682
1384	1455	2.75459480022471
1455	1384	2.75459480022471
1999	692	2.75501111473868
2550	854	2.75501111473868
692	1999	2.75501111473868
854	2550	2.75501111473868
1869	2053	2.75501343560182
1891	2053	2.75501343560182
2053	1869	2.75501343560182
2053	1891	2.75501343560182
388	916	2.75501343560182
916	388	2.75501343560182
2924	521	2.7550356694778
521	2924	2.7550356694778
1806	19	2.7550454382112
19	1806	2.7550454382112
1047	200	2.755174501422
200	1047	2.755174501422
2225	542	2.75532533696067
542	2225	2.75532533696067
2394	2926	2.75550400406357
2926	2394	2.75550400406357
1303	2731	2.75560662920804
2731	1303	2.75560662920804
1096	2661	2.75567248858134
2661	1096	2.75567248858134
1023	1358	2.75575975173963
1358	1023	2.75575975173963
2053	2558	2.75594072925063
2558	2053	2.75594072925063
1096	1476	2.75597651682587
1476	1096	2.75597651682587
229	656	2.75608335344696
656	229	2.75608335344696
1887	2084	2.75611307540109
2084	1887	2.75611307540109
1556	1948	2.75611774271928
1948	1556	2.75611774271928
1387	270	2.7561299003638
1387	511	2.7561299003638
2295	2869	2.7561299003638
270	1387	2.7561299003638
2869	2295	2.7561299003638
511	1387	2.7561299003638
180	229	2.75613357334634
229	180	2.75613357334634
1247	258	2.75658027620638
258	1247	2.75658027620638
1214	2220	2.75713233597217
2220	1214	2.75713233597217
2454	2490	2.75728039528689
2490	2454	2.75728039528689
1622	2684	2.75747418839148
2684	1622	2.75747418839148
24	444	2.75752101231601
444	24	2.75752101231601
1258	1526	2.757669106553
1526	1258	2.757669106553
1258	2794	2.75778784260789
2794	1258	2.75778784260789
201	931	2.75821293005029
931	201	2.75821293005029
1977	201	2.75821677612014
201	1977	2.75821677612014
1021	191	2.75829324463624
191	1021	2.75829324463624
1493	600	2.75863207765087
600	1493	2.75863207765087
1353	611	2.75884900714447
611	1353	2.75884900714447
2780	773	2.75890291183375
773	2780	2.75890291183375
1724	1895	2.7593214450335
1895	1724	2.7593214450335
148	935	2.75953044423872
935	148	2.75953044423872
1043	962	2.759594177014
1614	349	2.759594177014
349	1614	2.759594177014
962	1043	2.759594177014
200	355	2.759717271609
355	200	2.759717271609
1112	1825	2.75987372847781
1825	1112	2.75987372847781
2427	2891	2.75988333753758
2891	2427	2.75988333753758
2124	2648	2.7600139263779
2648	2124	2.7600139263779
190	435	2.76001566963401
435	190	2.76001566963401
1197	1801	2.76001603187395
1576	2058	2.76001603187395
1801	1197	2.76001603187395
2058	1576	2.76001603187395
2058	54	2.76001603187395
54	2058	2.76001603187395
1312	2160	2.76085411982662
1338	208	2.76085411982662
208	1338	2.76085411982662
2160	1312	2.76085411982662
2372	2929	2.76085411982662
2929	2372	2.76085411982662
229	2486	2.76096866807909
2486	229	2.76096866807909
166	2024	2.76103441811387
2024	166	2.76103441811387
1596	2454	2.76129961076693
2454	1596	2.76129961076693
2331	985	2.76133794978631
2446	938	2.76133794978631
938	2446	2.76133794978631
985	2331	2.76133794978631
1604	1605	2.76175858839503
1605	1604	2.76175858839503
1951	456	2.76193687677084
456	1951	2.76193687677084
1983	2907	2.7620289308246
2907	1983	2.7620289308246
105	1702	2.76217610906956
1702	105	2.76217610906956
1524	255	2.76218718930629
255	1524	2.76218718930629
1573	575	2.76276544370836
1648	234	2.76276544370836
1859	2106	2.76276544370836
1973	2506	2.76276544370836
2106	1859	2.76276544370836
234	1648	2.76276544370836
2451	575	2.76276544370836
2506	1973	2.76276544370836
2632	305	2.76276544370836
305	2632	2.76276544370836
474	967	2.76276544370836
575	1573	2.76276544370836
575	2451	2.76276544370836
735	922	2.76276544370836
922	735	2.76276544370836
967	474	2.76276544370836
1226	1568	2.76292516949438
1568	1226	2.76292516949438
1043	2300	2.76308916211133
2300	1043	2.76308916211133
270	704	2.76308916211133
704	270	2.76308916211133
1043	1856	2.76322227883748
1615	734	2.76322227883748
1856	1043	2.76322227883748
734	1615	2.76322227883748
1609	940	2.76329882941804
940	1609	2.76329882941804
2908	778	2.76384959226228
778	2908	2.76384959226228
1895	301	2.76429504755411
301	1895	2.76429504755411
1525	844	2.76437588171849
844	1525	2.76437588171849
1059	2432	2.7644398266612
2432	1059	2.7644398266612
1420	1863	2.76484750284378
1863	1420	2.76484750284378
2463	2703	2.76493260147582
2703	2463	2.76493260147582
2542	2657	2.76511818459793
2657	2542	2.76511818459793
1739	2471	2.76528503034015
2471	1739	2.76528503034015
1522	2743	2.76532027268381
2743	1522	2.76532027268381
577	821	2.76536226755323
821	577	2.76536226755323
1985	2130	2.76536350927769
2130	1985	2.76536350927769
1434	2088	2.76543859527674
2088	1434	2.76543859527674
1358	2196	2.76545020135892
2196	1358	2.76545020135892
2002	368	2.76559377492144
368	2002	2.76559377492144
1951	2340	2.76564091154586
2340	1951	2.76564091154586
1151	856	2.76573426729112
856	1151	2.76573426729112
1966	607	2.76582016914978
607	1966	2.76582016914978
2410	2903	2.76606499028708
2903	2410	2.76606499028708
1944	2336	2.76619393888563
2336	1944	2.76619393888563
1504	2882	2.7662747924841
2882	1504	2.7662747924841
1972	319	2.76629854461465
319	1972	2.76629854461465
1435	1610	2.76631534980256
1610	1435	2.76631534980256
2841	2845	2.76661025175637
2845	2841	2.76661025175637
1043	1446	2.76661933178491
1446	1043	2.76661933178491
2053	500	2.76675255393408
500	2053	2.76675255393408
1827	2907	2.7668971990748
2907	1827	2.7668971990748
2286	232	2.7669201637564
232	2286	2.7669201637564
1665	1837	2.76696392034864
1837	1665	2.76696392034864
1114	2080	2.76724829138114
2080	1114	2.76724829138114
1584	2036	2.76739821666633
2036	1584	2.76739821666633
2791	825	2.76795604264018
825	2791	2.76795604264018
2023	2216	2.76819618038418
2216	2023	2.76819618038418
1182	97	2.76837047675627
97	1182	2.76837047675627
1298	898	2.76847761005897
898	1298	2.76847761005897
1427	355	2.76884438696806
355	1427	2.76884438696806
144	805	2.76887557581699
805	144	2.76887557581699
1276	2064	2.76923879066145
2064	1276	2.76923879066145
1819	947	2.7692959571816
947	1819	2.7692959571816
1936	57	2.76990623166316
57	1936	2.76990623166316
1403	1648	2.76992933255778
1648	1403	2.76992933255778
1009	1326	2.77004242569641
1326	1009	2.77004242569641
1610	827	2.77011700055244
827	1610	2.77011700055244
1784	842	2.77021765055996
842	1784	2.77021765055996
2545	2810	2.77110059789356
2810	2545	2.77110059789356
1297	2706	2.77112236594706
2706	1297	2.77112236594706
1042	1150	2.77137211065997
1150	1042	2.77137211065997
1150	1390	2.77137211065997
1150	1588	2.77137211065997
1150	1607	2.77137211065997
1150	166	2.77137211065997
1150	1682	2.77137211065997
1150	2024	2.77137211065997
1150	241	2.77137211065997
1150	2572	2.77137211065997
1150	2796	2.77137211065997
1150	582	2.77137211065997
1390	1150	2.77137211065997
1588	1150	2.77137211065997
1607	1150	2.77137211065997
166	1150	2.77137211065997
1682	1150	2.77137211065997
2024	1150	2.77137211065997
241	1150	2.77137211065997
2572	1150	2.77137211065997
2796	1150	2.77137211065997
582	1150	2.77137211065997
1225	2744	2.7715864724462
2744	1225	2.7715864724462
160	864	2.77168681127577
864	160	2.77168681127577
2537	778	2.77184393414998
778	2537	2.77184393414998
2390	2919	2.7720374207518
2919	2390	2.7720374207518
1515	2389	2.7721799103247
2389	1515	2.7721799103247
1741	2472	2.77243426337263
2109	2732	2.77243426337263
2472	1741	2.77243426337263
2732	2109	2.77243426337263
2096	476	2.77259128563006
476	2096	2.77259128563006
232	411	2.77285037628215
411	232	2.77285037628215
1161	2339	2.77319892122116
2339	1161	2.77319892122116
2449	319	2.77363559804492
319	2449	2.77363559804492
1241	2105	2.77370937337737
2105	1241	2.77370937337737
109	859	2.77380363053704
859	109	2.77380363053704
1745	2490	2.77380713510863
2490	1745	2.77380713510863
2490	279	2.77380713510863
279	2490	2.77380713510863
2529	949	2.77382910209176
949	2529	2.77382910209176
2612	2673	2.7740162546942
2673	2612	2.7740162546942
2053	2144	2.77427488934054
2144	2053	2.77427488934054
1701	258	2.7746926905013
258	1701	2.7746926905013
1834	636	2.7749132274478
636	1834	2.7749132274478
1353	2029	2.77492025090417
2029	1353	2.77492025090417
1621	2454	2.77502755585967
2454	1621	2.77502755585967
1047	2284	2.77516769663863
2284	1047	2.77516769663863
2054	2290	2.7753379534178
2290	2054	2.7753379534178
463	776	2.77536700020191
776	463	2.77536700020191
2524	827	2.77543106275812
827	2524	2.77543106275812
1047	201	2.77597708313275
201	1047	2.77597708313275
142	2602	2.77598221392865
2602	142	2.77598221392865
1966	2394	2.77612353370808
2394	1966	2.77612353370808
2520	2893	2.77624035137297
2759	2893	2.77624035137297
2893	2520	2.77624035137297
2893	2759	2.77624035137297
2220	441	2.77628772974156
441	2220	2.77628772974156
1977	2471	2.77633601784954
2471	1977	2.77633601784954
2218	2394	2.77663520931964
2394	2218	2.77663520931964
1670	368	2.77674634968902
368	1670	2.77674634968902
1753	1781	2.7767539246019
1781	1753	2.7767539246019
125	1972	2.77708195774312
1972	125	2.77708195774312
1515	355	2.77728669394507
355	1515	2.77728669394507
1088	1974	2.77748189338169
1974	1088	2.77748189338169
1340	1341	2.77749117784458
1341	1340	2.77749117784458
1456	2316	2.77749117784458
1615	2898	2.77749117784458
2316	1456	2.77749117784458
2396	2577	2.77749117784458
2577	2396	2.77749117784458
2898	1615	2.77749117784458
200	319	2.77753025051456
319	200	2.77753025051456
2238	58	2.77757517410785
58	2238	2.77757517410785
1300	2767	2.77757568205448
2767	1300	2.77757568205448
1936	2765	2.77764781093431
2765	1936	2.77764781093431
2225	2227	2.77775922770129
2227	2225	2.77775922770129
1318	575	2.77821066512497
575	1318	2.77821066512497
1861	2870	2.77840410622009
2870	1861	2.77840410622009
2880	92	2.77866796678087
92	2880	2.77866796678087
1434	542	2.77871504662131
542	1434	2.77871504662131
1565	1747	2.77896877723272
1747	1565	2.77896877723272
1148	1529	2.77924019924459
1148	433	2.77924019924459
1529	1148	2.77924019924459
433	1148	2.77924019924459
588	949	2.77924019924459
949	588	2.77924019924459
1322	357	2.77949201497159
14	60	2.77949201497159
357	1322	2.77949201497159
60	14	2.77949201497159
481	750	2.77953736128442
750	481	2.77953736128442
200	2529	2.77958948765795
2529	200	2.77958948765795
1021	2304	2.77976052216315
2304	1021	2.77976052216315
2037	2473	2.7798306964207
2473	2037	2.7798306964207
1088	2105	2.77994748119161
2105	1088	2.77994748119161
2765	88	2.78050019358096
88	2765	2.78050019358096
1145	193	2.7805014177626
193	1145	2.7805014177626
2038	205	2.78123140499122
205	2038	2.78123140499122
1935	476	2.78132815043235
476	1935	2.78132815043235
2721	961	2.78171442375525
961	2721	2.78171442375525
1114	200	2.78184944263824
200	1114	2.78184944263824
1589	1696	2.78235359789637
1696	1589	2.78235359789637
1951	2477	2.78240603588943
2477	1951	2.78240603588943
1797	2526	2.78249777627019
204	2490	2.78249777627019
2490	204	2.78249777627019
2490	784	2.78249777627019
2526	1797	2.78249777627019
784	2490	2.78249777627019
2588	430	2.7824995805407
430	2588	2.7824995805407
1573	910	2.78279801210777
910	1573	2.78279801210777
1429	1998	2.78297555975803
14	59	2.78297555975803
1998	1429	2.78297555975803
2556	525	2.78297555975803
525	2556	2.78297555975803
59	14	2.78297555975803
1736	35	2.7834065456192
35	1736	2.7834065456192
1939	802	2.78355740371817
802	1939	2.78355740371817
1363	2184	2.78356895080891
2184	1363	2.78356895080891
161	824	2.78376143976392
824	161	2.78376143976392
2212	898	2.78405339161053
898	2212	2.78405339161053
1672	2378	2.78441622892128
2378	1672	2.78441622892128
272	645	2.7849353454459
645	272	2.7849353454459
2277	2854	2.78493548795601
2854	2277	2.78493548795601
1181	1387	2.78506669193442
1387	1181	2.78506669193442
1368	279	2.7851215034777
279	1368	2.7851215034777
2706	514	2.78521853527499
514	2706	2.78521853527499
731	940	2.78564302332248
940	731	2.78564302332248
1739	200	2.78586206038819
200	1739	2.78586206038819
1651	1655	2.78589904666961
1655	1651	2.78589904666961
1051	1797	2.78602725843982
1797	1051	2.78602725843982
756	952	2.78633578198392
952	756	2.78633578198392
1258	2367	2.78640787818125
2367	1258	2.78640787818125
342	92	2.78678958776821
92	342	2.78678958776821
1701	2139	2.78718602023432
2139	1701	2.78718602023432
1626	612	2.7872806567143
612	1626	2.7872806567143
11	1698	2.7873913617406
1698	11	2.7873913617406
2893	877	2.78768280408412
877	2893	2.78768280408412
1869	2212	2.78779804204179
2212	1869	2.78779804204179
1897	2542	2.78795683720979
2542	1897	2.78795683720979
1180	1385	2.7882376621471
1385	1180	2.7882376621471
1164	355	2.78852535793103
355	1164	2.78852535793103
141	460	2.78855196443538
460	141	2.78855196443538
1247	2139	2.78860499708834
2139	1247	2.78860499708834
1456	2686	2.78869970833702
2686	1456	2.78869970833702
2005	2218	2.78938522574406
2218	2005	2.78938522574406
1951	2322	2.7897743325556
2322	1951	2.7897743325556
1179	873	2.79016807602608
873	1179	2.79016807602608
103	2086	2.79037281758826
1048	1120	2.79037281758826
1120	1048	2.79037281758826
1120	1280	2.79037281758826
1280	1120	2.79037281758826
2086	103	2.79037281758826
229	864	2.79041508122496
864	229	2.79041508122496
19	319	2.79041686520191
319	19	2.79041686520191
1411	1973	2.79053318900703
1973	1411	2.79053318900703
1164	827	2.79056214179656
827	1164	2.79056214179656
355	607	2.79063790551593
607	355	2.79063790551593
1489	2693	2.79073898568167
2693	1489	2.79073898568167
1037	2177	2.79109908369189
2177	1037	2.79109908369189
2394	752	2.79125347062202
752	2394	2.79125347062202
2208	2434	2.79125771001225
2434	2208	2.79125771001225
1024	2265	2.7913443620175
2265	1024	2.7913443620175
1753	2859	2.79156522079159
2859	1753	2.79156522079159
11	2893	2.79164522700266
2893	11	2.79164522700266
1049	2490	2.79174713577067
1714	2628	2.79174713577067
2180	2490	2.79174713577067
2490	1049	2.79174713577067
2490	2180	2.79174713577067
2490	2605	2.79174713577067
2490	842	2.79174713577067
2605	2490	2.79174713577067
2628	1714	2.79174713577067
842	2490	2.79174713577067
1549	2219	2.79174831724427
2219	1549	2.79174831724427
715	931	2.79190386330102
931	715	2.79190386330102
1164	907	2.79201136024928
907	1164	2.79201136024928
1897	2471	2.79224813920132
2471	1897	2.79224813920132
1376	2437	2.79234676137108
2437	1376	2.79234676137108
1471	1863	2.79243286487348
1863	1471	2.79243286487348
145	2023	2.79244471170714
2023	145	2.79244471170714
1036	752	2.79259424229114
752	1036	2.79259424229114
2435	2818	2.79261775465812
2818	2435	2.79261775465812
2818	2842	2.79261775465812
2842	2818	2.79261775465812
1458	1596	2.79277711321032
1596	1458	2.79277711321032
2080	2284	2.79291710461104
2284	2080	2.79291710461104
356	476	2.7929834285047
476	356	2.7929834285047
1114	2284	2.79302215006606
2284	1114	2.79302215006606
1950	637	2.79310477714839
2867	984	2.79310477714839
637	1950	2.79310477714839
984	2867	2.79310477714839
1387	1501	2.79314655978872
1501	1387	2.79314655978872
2105	2236	2.79319744114661
2236	2105	2.79319744114661
279	2802	2.79327342676643
2802	279	2.79327342676643
1905	209	2.79338293391842
209	1905	2.79338293391842
1858	498	2.7934272885373
498	1858	2.7934272885373
1348	2924	2.7939160527355
2924	1348	2.7939160527355
1571	2199	2.79405093206012
2014	2411	2.79405093206012
2199	1571	2.79405093206012
2411	2014	2.79405093206012
615	641	2.79405093206012
641	615	2.79405093206012
1739	827	2.79410972958171
827	1739	2.79410972958171
2798	633	2.79424813479659
633	2798	2.79424813479659
2818	2895	2.79431973771272
2895	2818	2.79431973771272
289	69	2.79479452705943
69	289	2.79479452705943
575	642	2.79489928075906
642	575	2.79489928075906
1235	856	2.79511098987998
856	1235	2.79511098987998
2119	2919	2.79521958615599
2919	2119	2.79521958615599
1806	2784	2.79538003289976
2784	1806	2.79538003289976
1123	150	2.79566168675781
150	1123	2.79566168675781
212	919	2.79566168675781
919	212	2.79566168675781
19	631	2.79580010528452
631	19	2.79580010528452
1435	200	2.79628362913187
200	1435	2.79628362913187
2441	64	2.79666504044568
64	2441	2.79666504044568
1047	776	2.79670899759966
776	1047	2.79670899759966
1973	2545	2.79671219922004
2545	1973	2.79671219922004
2284	776	2.79681078476669
776	2284	2.79681078476669
2471	949	2.79693824191373
949	2471	2.79693824191373
2602	319	2.79748653357114
319	2602	2.79748653357114
1519	952	2.79756031595575
952	1519	2.79756031595575
509	531	2.79758270146313
531	509	2.79758270146313
1887	937	2.79765859909728
2184	937	2.79765859909728
937	1887	2.79765859909728
937	2184	2.79765859909728
1227	504	2.79771686122323
504	1227	2.79771686122323
1399	2856	2.79809251536776
2856	1399	2.79809251536776
2686	741	2.79830056766066
741	2686	2.79830056766066
2665	2833	2.79836622500201
2833	2665	2.79836622500201
243	944	2.79865116534729
944	243	2.79865116534729
1972	2227	2.79865638311912
2227	1972	2.79865638311912
1610	1716	2.79873551928411
1716	1610	2.79873551928411
2888	2925	2.79919354034615
2925	2888	2.79919354034615
105	717	2.79923759217808
717	105	2.79923759217808
2	597	2.79937255931362
597	2	2.79937255931362
1377	2902	2.7994287743473
2902	1377	2.7994287743473
144	1713	2.79956557630351
1713	144	2.79956557630351
2542	947	2.79967370213973
947	2542	2.79967370213973
1531	2745	2.79975957027581
2745	1531	2.79975957027581
2456	678	2.80003166073381
678	2456	2.80003166073381
1024	1621	2.80007552603128
1621	1024	2.80007552603128
1488	940	2.80011722581759
940	1488	2.80011722581759
1520	878	2.80022288197748
878	1520	2.80022288197748
2880	529	2.80059292831714
529	2880	2.80059292831714
2126	445	2.80079530184479
445	2126	2.80079530184479
1806	2816	2.8008111815024
2816	1806	2.8008111815024
1182	14	2.8010009624837
14	1182	2.8010009624837
1577	280	2.80102119904166
280	1577	2.80102119904166
2695	750	2.80134108305949
580	883	2.80134108305949
750	2695	2.80134108305949
883	580	2.80134108305949
1716	2743	2.80149574365634
2743	1716	2.80149574365634
2642	305	2.80174106097619
305	2642	2.80174106097619
1522	2738	2.80178622780187
2738	1522	2.80178622780187
1936	1977	2.8018096999473
1977	1936	2.8018096999473
2537	46	2.8018199243283
46	2537	2.8018199243283
1115	2351	2.80186945461362
2351	1115	2.80186945461362
1051	2903	2.80192949662266
2903	1051	2.80192949662266
2253	2529	2.80195992408649
2529	2253	2.80195992408649
2094	959	2.80248725592117
959	2094	2.80248725592117
2428	405	2.80310933391142
405	2428	2.80310933391142
1085	631	2.80325348933671
631	1085	2.80325348933671
1681	2297	2.804041840314
2297	1681	2.804041840314
1301	2917	2.80446589396192
2692	29	2.80446589396192
2917	1301	2.80446589396192
29	2692	2.80446589396192
2225	907	2.80452695403753
907	2225	2.80452695403753
1100	1621	2.8048737837984
1621	1100	2.8048737837984
2796	300	2.80587597053307
300	2796	2.80587597053307
21	22	2.80588859484668
22	21	2.80588859484668
2017	629	2.80609319802883
2363	2429	2.80609319802883
2429	2363	2.80609319802883
629	2017	2.80609319802883
1469	2218	2.80638592118316
2218	1469	2.80638592118316
1745	834	2.80652778458218
834	1745	2.80652778458218
1936	463	2.80654405453361
463	1936	2.80654405453361
1522	2080	2.80726217438135
2080	1522	2.80726217438135
1433	2196	2.80774937485111
2196	1433	2.80774937485111
1427	1716	2.80796955944083
1716	1427	2.80796955944083
1114	931	2.80810131380457
931	1114	2.80810131380457
2657	46	2.8083680292453
46	2657	2.8083680292453
1863	2001	2.80840495045376
2001	1863	2.80840495045376
1454	949	2.80890201189214
949	1454	2.80890201189214
441	476	2.80901419611427
476	441	2.80901419611427
2283	486	2.80910851057566
486	2283	2.80910851057566
2802	848	2.8091872019971
848	2802	2.8091872019971
1493	846	2.80932293475848
846	1493	2.80932293475848
1609	258	2.80932981739078
258	1609	2.80932981739078
1745	204	2.80941801257261
204	1745	2.80941801257261
1500	1713	2.80980960977605
1713	1500	2.80980960977605
1047	1886	2.80989084826254
1886	1047	2.80989084826254
1151	258	2.80994917354682
258	1151	2.80994917354682
2122	2629	2.81014317061778
2629	2122	2.81014317061778
1563	2287	2.81026579972649
2287	1563	2.81026579972649
22	812	2.81030406823106
2435	2842	2.81030406823106
2444	329	2.81030406823106
2842	2435	2.81030406823106
329	2444	2.81030406823106
812	22	2.81030406823106
2205	909	2.81051649775905
909	2205	2.81051649775905
796	937	2.81073463174926
937	796	2.81073463174926
1376	1385	2.81079387911162
1385	1376	2.81079387911162
1357	2616	2.81093196939357
2616	1357	2.81093196939357
1402	827	2.81124414750536
827	1402	2.81124414750536
1114	1522	2.81154725968755
1522	1114	2.81154725968755
1434	2080	2.81155831122907
2080	1434	2.81155831122907
1863	521	2.81170846588095
521	1863	2.81170846588095
2245	622	2.81171478174363
622	2245	2.81171478174363
386	589	2.81181783876787
589	386	2.81181783876787
1454	319	2.81191586439148
319	1454	2.81191586439148
2019	2810	2.81209601888997
2810	2019	2.81209601888997
2863	504	2.81235572164385
504	2863	2.81235572164385
1217	1784	2.81251424746149
1784	1217	2.81251424746149
1716	355	2.81265498725008
355	1716	2.81265498725008
1515	827	2.81333826136687
827	1515	2.81333826136687
2282	319	2.81335105432119
319	2282	2.81335105432119
1320	2295	2.813658086579
2295	1320	2.813658086579
355	776	2.81365994231409
776	355	2.81365994231409
1000	39	2.8136736978624
39	1000	2.8136736978624
2225	405	2.81373040993265
405	2225	2.81373040993265
1936	608	2.81385598238946
608	1936	2.81385598238946
1966	2529	2.8142085767879
2529	1966	2.8142085767879
1202	2449	2.81458313363676
2449	1202	2.81458313363676
2248	773	2.81512061629406
773	2248	2.81512061629406
2499	2742	2.81539470478421
2742	2499	2.81539470478421
406	803	2.81551713394873
803	406	2.81551713394873
105	797	2.81567423801992
797	105	2.81567423801992
1150	1241	2.81572779931784
1241	1150	2.81572779931784
1935	625	2.81581764748348
625	1935	2.81581764748348
2602	2743	2.81584248720343
2743	2602	2.81584248720343
2602	776	2.81585793158008
776	2602	2.81585793158008
2080	2529	2.81612454206058
2529	2080	2.81612454206058
2428	808	2.81637664059158
808	2428	2.81637664059158
1846	1964	2.81643763865046
1964	1846	2.81643763865046
977	979	2.81643965428407
979	977	2.81643965428407
1051	2220	2.81667593018099
2220	1051	2.81667593018099
1424	437	2.81672377618706
437	1424	2.81672377618706
1116	1951	2.81676305346871
1116	2322	2.81676305346871
1682	1951	2.81676305346871
1682	2322	2.81676305346871
1951	1116	2.81676305346871
1951	1682	2.81676305346871
2322	1116	2.81676305346871
2322	1682	2.81676305346871
542	644	2.81676305346871
644	542	2.81676305346871
2286	411	2.81680888056243
411	2286	2.81680888056243
2030	2875	2.81715885814578
2875	2030	2.81715885814578
1051	607	2.81715915440138
607	1051	2.81715915440138
1444	1611	2.8173027415053
1611	1444	2.8173027415053
2096	441	2.81745420080917
441	2096	2.81745420080917
1210	2057	2.81751298378941
2057	1210	2.81751298378941
1164	2542	2.81754538282915
2542	1164	2.81754538282915
125	1977	2.81761909132558
1977	125	2.81761909132558
2510	2722	2.81764932736374
2722	2510	2.81764932736374
1046	2119	2.81788780283257
2119	1046	2.81788780283257
1150	2322	2.8182557620921
2322	1150	2.8182557620921
1202	727	2.8184407528098
727	1202	2.8184407528098
1592	883	2.81857445428264
1863	883	2.81857445428264
883	1592	2.81857445428264
883	1863	2.81857445428264
1716	776	2.81887130655066
776	1716	2.81887130655066
1784	2364	2.81891069091458
2364	1784	2.81891069091458
1673	2531	2.81903536296392
2531	1673	2.81903536296392
19	2602	2.81917155004986
2602	19	2.81917155004986
1434	1806	2.81935924964874
1806	1434	2.81935924964874
2594	435	2.81950332837412
435	2594	2.81950332837412
1687	184	2.81952618746772
184	1687	2.81952618746772
2502	529	2.81952618746772
529	2502	2.81952618746772
521	937	2.81973310457236
937	521	2.81973310457236
2267	2351	2.82027811589808
2351	2267	2.82027811589808
2075	2250	2.8204417186412
2250	2075	2.8204417186412
355	476	2.82045957289845
476	355	2.82045957289845
2352	913	2.82060493348178
913	2352	2.82060493348178
2542	949	2.82063244423747
949	2542	2.82063244423747
2225	2477	2.82090120015625
2477	2225	2.82090120015625
2624	45	2.82108675601763
45	2624	2.82108675601763
136	2380	2.82111020297351
1571	1742	2.82111020297351
1742	1571	2.82111020297351
1806	2346	2.82111020297351
2346	1806	2.82111020297351
2380	136	2.82111020297351
699	935	2.82111020297351
935	699	2.82111020297351
2601	760	2.82150127826148
760	2601	2.82150127826148
1716	827	2.82170482512032
827	1716	2.82170482512032
125	1935	2.82192604553412
1935	125	2.82192604553412
1001	155	2.8227842924177
155	1001	2.8227842924177
201	57	2.82295043283748
57	201	2.82295043283748
1144	495	2.82316916444442
495	1144	2.82316916444442
2226	498	2.82329140329481
498	2226	2.82329140329481
2195	300	2.82330579589044
300	2195	2.82330579589044
1592	2162	2.82344781820661
2162	1592	2.82344781820661
1127	446	2.82346643555826
1904	2476	2.82346643555826
2476	1904	2.82346643555826
446	1127	2.82346643555826
1716	608	2.8237759743064
608	1716	2.8237759743064
2080	2542	2.82382438204932
2542	2080	2.82382438204932
1155	1338	2.82398247274633
1338	1155	2.82398247274633
2071	2463	2.82398247274633
2193	2372	2.82398247274633
2372	2193	2.82398247274633
2463	2071	2.82398247274633
1342	580	2.82415676500462
580	1342	2.82415676500462
1727	2854	2.82447906469336
2854	1727	2.82447906469336
1495	258	2.82454970310114
258	1495	2.82454970310114
309	343	2.82502663848837
343	309	2.82502663848837
1979	2394	2.82504206812798
2394	1979	2.82504206812798
1647	2606	2.82516953999144
2606	1647	2.82516953999144
125	441	2.82530191069552
441	125	2.82530191069552
1290	2022	2.82530709072404
2022	1290	2.82530709072404
1392	2663	2.82535599249951
2663	1392	2.82535599249951
1065	2107	2.82550584878931
2107	1065	2.82550584878931
2461	955	2.82557724803796
955	2461	2.82557724803796
2903	463	2.82593519887608
463	2903	2.82593519887608
1610	713	2.8262955266136
713	1610	2.8262955266136
2790	2874	2.8264763657022
2874	2790	2.8264763657022
2110	2694	2.82650881099355
2694	2110	2.82650881099355
1111	786	2.82707405454849
786	1111	2.82707405454849
1983	2093	2.82720791182303
2093	1983	2.82720791182303
1434	1972	2.82724175473223
1972	1434	2.82724175473223
1080	2348	2.82740172252627
2348	1080	2.82740172252627
1017	2669	2.82751952871457
2669	1017	2.82751952871457
1111	864	2.82761276689465
864	1111	2.82761276689465
2758	90	2.82771393070652
90	2758	2.82771393070652
569	894	2.82781214834336
894	569	2.82781214834336
1610	1972	2.82828309869492
1972	1610	2.82828309869492
1573	1852	2.82885423699468
1852	1573	2.82885423699468
1175	1792	2.82912869440712
1792	1175	2.82912869440712
2930	684	2.82934138607667
684	2930	2.82934138607667
11	6	2.82936997752268
383	632	2.82936997752268
404	632	2.82936997752268
6	11	2.82936997752268
632	383	2.82936997752268
632	404	2.82936997752268
2024	618	2.82974630061982
618	2024	2.82974630061982
1434	2738	2.82986742984896
